LEVEL 1
GRID 6 6
222222
200002
200002
200002
200002
222222
START 1 1
FINISH 4 4
TEXT -10 -3 Hello.
TEXT -10 -1 Move around with
TEXT -10 0 arrow keys.
TEXT -10 2 Reach the pole 
TEXT -10 3 in order to advance
TEXT -10 4 to the next level.
LEVEL 2
GRID 23 17
         22222         
         20002         
         20002     
         20002         
         20002         
         20002         
         20002         
         20002         
       222111222       
       200000002       
       200000002       
       200212002       
       200101002       
       200212002       
       200000002       
       200000002       
       222222222       
START 11 1
FINISH 11 12
SPIDER 8 9
SPIDER 14 9
SPIDER 11 14
TEXT 17 10 Beware of
TEXT 17 11 spiders.
TEXT 1 5 Press space
TEXT 1 6 to place a bomb.
LEVEL 3
GRID 21 11
222222222222222222222
200011111110111111112
202021212120212121212
200011111110111111112
212121212120212121212
211110001110000000002
212120202120212121212
211110001110111110002
212121212120212120212
211111111110111110102
222222222222222222222
START 1 1
FINISH 19 9
SKELETON 17 7
SPIDER 11 1
SPIDER 11 9
SPIDER 5 5
SKELETON 19 5
LEVEL 4
GRID 25 51
222222222222222222222
200000000000000000002
212121212021212121212
211111111011111000112
212121212021212020212
211111111000111000112
212121212121212121212
211111111000111000112
212121212020212020212
211111111000111000102
22222222222222222220222
                  20002
                  20012
                  21002
                  20012
                  21002
                  20012
                  21002
                  20012
                  21002
            22222220222
            200000002
            202121212
  2222222222211111112
  2000000000000000002
  2022222222212121212
  202       211111112
  202       2121212122222
  202       2111111110002
  202       2222222220002
  202               21002
  202               20012
  202               21002
  202               20012
  202               21002
  202               20012
  202               21002
  202               20012
  202               21002
  202               20012
  202               21002
  202               20012
  202               21002
  20222222222222222220002
  20000000021212121210202
  22222220111111111111112
        21212121212121212
        20000000000000002
        21210121202121222
        21110111101111102
        22222222222222222
START 9 5
FINISH 23 49
SPIDER 22 32
SPIDER 22 35
SPIDER 22 38
SPIDER 22 41
SPIDER 22 47
SKELETON 22 47
SKELETON 12 49
SKELETON 17 49
SKELETON 1 1
SKELETON 18 1
SPIDER 15 3
SPIDER 17 5
SPIDER 9 7
SPIDER 11 9
SKELETON 3 24
SPIDER 13 22
SKELETON 15 7
LEVEL 5
GRID 6 6
222222
200002
200002
200002
200002
222222
START 1 1
FINISH 4 4
TEXT -10 -3 That's all.
TEXT -10 -1 Hope you had fun.
